hidden=[-0.023291263743, 0.0051638855984, -0.086174632074, -0.0063533415222, -0.013371845243, 0.05137422708, 0.033151340291, -0.0047895612546, 0.0087434583609, -0.023783925388, -0.0032858320064, -0.037215501358, 0.12349425673, 0.018335946851, 0.0092577338988, -0.0092526448609, 0.077093962433, 1.2779163167, 0.23242042972, 0.058452168721]

other=[-0.036320411055, 0.20867575384, -0.011713417842, 0.040519198603, -0.11577060937, 0.16797139946, 0.013538936526, 0.094002398005, 0.060131029703, 0.05676672787, -0.069385479737, 0.19583208797, -0.099115345611, 0.15373890074, 0.12550993477, -0.085034930088, 0.0042214692548, 0.030480632859, 0.10946594296, 0.1434200861, 0.042381920336, -0.036744910641, 0.10454306792, 0.18666812945, -0.44305269971, -0.36936459037, 0.11253478893, 0.035732206344, 0.14144922722, -0.06456631025, -0.12483234256, -0.28618528124, -0.18599534599, -0.014771175436, 0.024183211886, 0.12160101515, 0.1464438633, -0.04030449581, 0.13444816626, 0.087344192368, 0.43962501019, 0.1342436377, 0.078004751039, -0.015363700915, 0.0066307388758, 0.1252704491, -0.11868392166, -0.24419034835, 0.03159035978, 0.0046086648467, -0.062520188985, -0.05940085214, 0.051571810431, 0.22247164874, 0.50990062435, 0.096999201699, -0.094512716253, -0.049554177308, 0.17921858363, 0.13331656764, 0.3635746052, 0.10429879999, 0.086400508048, -0.22939487349, -0.18361776753, -0.20834600643, -0.20033393375, 0.014799280237, -0.0036884252728, -0.14053946205, -0.0086260276196, 0.098458503044, -0.053912461409, -0.1562294371, 0.17610963863, 0.14269780328, 0.10322171743, 0.26356183054, -0.22520947508, -0.19252853604, -0.21142838311, -0.18604519432, 0.0097250682364, 0.040806879071, 0.20041333083, 0.10498354213, 0.079829404523, 0.18262305509, -0.54709586968, -0.023682227472, -0.068583482463, -0.17273867747, -0.073118333744, -0.0045048134913, 0.064789303371, -0.054192395766, 0.047393966793, -0.058863925898, 0.10602660497, 0.24350714807, 0.26440739651, 0.063884026751, 0.19665779705, -0.14721121496, 0.18965314264, 0.13058041011, -0.1579846301, -0.1897661627, -0.066325213837, 0.077395731975, 0.091633830261, 0.13128915086, 0.38270871285, -0.020841391971, -0.14989551965, 0.041091071453, 0.21084656393, 0.23088331549, 0.31852564236, 0.24763232413, 0.27937081771, 0.0076017870945, 0.11822455894, 0.018316249679, 0.41616216767, 0.18566796734, 0.058757304951, -0.023178165523, -0.066075713426, 0.14086695298, 0.11946066106, 0.15773121557, 0.05194036364, 0.059151868495, 0.27306074246, 0.089632149931, 0.071983463752, 0.020540836669, -0.066179373226, -0.056210979484, -0.076417174615, -0.0031701340232, 0.0089038902188, 0.11054918373, -0.020200079881, 0.45259319421, 0.42479455909, -0.25818797154, -0.22566535474, -0.24085606466, -0.2390888597, 0.021927463797, 0.12355337179, -0.15163097601, 0.51177518924, 0.007906038028, 0.026877924035, 0.0015316593039, 0.04681571076, 0.020434236517, 0.27366518679, -0.15684385425, -0.028853502987, -0.038391851675, -0.047895308801, 0.029673176072, 0.19679290711, -0.12156319155, 0.22611753119, 0.3580677412, 0.39089018135, 0.40721566748, 0.0013705101208, -0.020425964047, 0.06911016254, 0.60889848948, 0.27922499413, -5.5206712278e-05, -0.015629950975, 0.2993655548, 0.32275256022, -0.024074414763, -0.037874615928, 0.24513070238, 0.069215293979, 0.037006895083, 0.033648373062, 0.32153388369, 0.068334027977, 0.006504939346]

bs=0.05
all=histogram(other, binsize=bs, min=-2, max=2)
hid=histogram(hidden, binsize=bs, min=-2, max=2)
x=findgen((2+2)/bs+1)*bs-2

plot, x, all/total(all), psym=10
oplot, x, hid/total(hid), psym=10, linestyle=2

stop
end